000000000000
000000000001
000000000010
000000000110
000000001000
000000000001
000000010010
000000000110
000000001000
000000000001
000000100010
000000000110
000000001000
000000000001
000000110010
000000000110
000000001000
000000001001
000000010001
000000000010
000000000110
000000001000
000000010001
000000010010
000000000110
000000001000
000000010001
000000100010
000000000110
000000001000
000000010001
000000110010
000000000110
000000001000
000000011001
000000100001
000000000010
000000000110
000000001000
000000100001
000000010010
000000000110
000000001000
000000100001
000000100010
000000000110
000000001000
000000100001
000000110010
000000000110
000000001000
000000101001
000000110001
000000000010
000000000110
000000001000
000000110001
000000010010
000000000110
000000001000
000000110001
000000100010
000000000110
000000001000
000000110001
000000110010
000000000110
000000001000
000000111001
000000001010