000000000000
000000000001
000000000010
000000000011
000000000111
000000001001
000000010001
000000010010
000000000011
000000000111
000000011001
000000100001
000000100010
000000000011
000000000111
000000101001
000000110001
000000110010
000000000011
000000000111
000000111001
000001000001
000001000010
000000000011
000000000111
000001001001
000001010001
000001010010
000000000011
000000000111
000001011001
000001100001
000001100010
000000000011
000000000111
000001101001
000001110001
000001110010
000000000011
000000000111
000001111001
000000001010
