000000000000
000000000001
000000000010
000000000110
000000010001
000000010010
000000000110
000000100001
000000100010
000000000110
000000110001
000000110010
000000000110
000000001000
000000000001
000001000010
000000000110
000000010001
000001010010
000000000110
000000100001
000001100010
000000000110
000000110001
000001110010
000000000110
000000001000
000000000001
000010000010
000000000110
000000010001
000010010010
000000000110
000000100001
000010100010
000000000110
000000110001
000010110010
000000000110
000000001000
000000000001
000011000010
000000000110
000000010001
000011010010
000000000110
000000100001
000011100010
000000000110
000000110001
000011110010
000000000110
000000001000
000000001001
000000000001
000100000010
000000000110
000000010001
000100010010
000000000110
000000100001
000100100010
000000000110
000000110001
000100110010
000000000110
000000001000
000000000001
000101000010
000000000110
000000010001
000101010010
000000000110
000000100001
000101100010
000000000110
000000110001
000101110010
000000000110
000000001000
000000000001
000110000010
000000000110
000000010001
000110010010
000000000110
000000100001
000110100010
000000000110
000000110001
000110110010
000000000110
000000001000
000000000001
000111000010
000000000110
000000010001
000111010010
000000000110
000000100001
000111100010
000000000110
000000110001
000111110010
000000000110
000000001000
000000011001
000000000001
001000000010
000000000110
000000010001
001000010010
000000000110
000000100001
001000100010
000000000110
000000110001
001000110010
000000000110
000000001000
000000000001
001001000010
000000000110
000000010001
001001010010
000000000110
000000100001
001001100010
000000000110
000000110001
001001110010
000000000110
000000001000
000000000001
001010000010
000000000110
000000010001
001010010010
000000000110
000000100001
001010100010
000000000110
000000110001
001010110010
000000000110
000000001000
000000000001
001011000010
000000000110
000000010001
001011010010
000000000110
000000100001
001011100010
000000000110
000000110001
001011110010
000000000110
000000001000
000000101001
000000000001
001100000010
000000000110
000000010001
001100010010
000000000110
000000100001
001100100010
000000000110
000000110001
001100110010
000000000110
000000001000
000000000001
001101000010
000000000110
000000010001
001101010010
000000000110
000000100001
001101100010
000000000110
000000110001
001101110010
000000000110
000000001000
000000000001
001110000010
000000000110
000000010001
001110010010
000000000110
000000100001
001110100010
000000000110
000000110001
001110110010
000000000110
000000001000
000000000001
001111000010
000000000110
000000010001
001111010010
000000000110
000000100001
001111100010
000000000110
000000110001
001111110010
000000000110
000000001000
000000111001
000001000001
000000000010
000000000110
000001010001
000000010010
000000000110
000001100001
000000100010
000000000110
000001110001
000000110010
000000000110
000000001000
000001000001
000001000010
000000000110
000001010001
000001010010
000000000110
000001100001
000001100010
000000000110
000001110001
000001110010
000000000110
000000001000
000001000001
000010000010
000000000110
000001010001
000010010010
000000000110
000001100001
000010100010
000000000110
000001110001
000010110010
000000000110
000000001000
000001000001
000011000010
000000000110
000001010001
000011010010
000000000110
000001100001
000011100010
000000000110
000001110001
000011110010
000000000110
000000001000
000001001001
000001000001
000100000010
000000000110
000001010001
000100010010
000000000110
000001100001
000100100010
000000000110
000001110001
000100110010
000000000110
000000001000
000001000001
000101000010
000000000110
000001010001
000101010010
000000000110
000001100001
000101100010
000000000110
000001110001
000101110010
000000000110
000000001000
000001000001
000110000010
000000000110
000001010001
000110010010
000000000110
000001100001
000110100010
000000000110
000001110001
000110110010
000000000110
000000001000
000001000001
000111000010
000000000110
000001010001
000111010010
000000000110
000001100001
000111100010
000000000110
000001110001
000111110010
000000000110
000000001000
000001011001
000001000001
001000000010
000000000110
000001010001
001000010010
000000000110
000001100001
001000100010
000000000110
000001110001
001000110010
000000000110
000000001000
000001000001
001001000010
000000000110
000001010001
001001010010
000000000110
000001100001
001001100010
000000000110
000001110001
001001110010
000000000110
000000001000
000001000001
001010000010
000000000110
000001010001
001010010010
000000000110
000001100001
001010100010
000000000110
000001110001
001010110010
000000000110
000000001000
000001000001
001011000010
000000000110
000001010001
001011010010
000000000110
000001100001
001011100010
000000000110
000001110001
001011110010
000000000110
000000001000
000001101001
000001000001
001100000010
000000000110
000001010001
001100010010
000000000110
000001100001
001100100010
000000000110
000001110001
001100110010
000000000110
000000001000
000001000001
001101000010
000000000110
000001010001
001101010010
000000000110
000001100001
001101100010
000000000110
000001110001
001101110010
000000000110
000000001000
000001000001
001110000010
000000000110
000001010001
001110010010
000000000110
000001100001
001110100010
000000000110
000001110001
001110110010
000000000110
000000001000
000001000001
001111000010
000000000110
000001010001
001111010010
000000000110
000001100001
001111100010
000000000110
000001110001
001111110010
000000000110
000000001000
000001111001
000010000001
000000000010
000000000110
000010010001
000000010010
000000000110
000010100001
000000100010
000000000110
000010110001
000000110010
000000000110
000000001000
000010000001
000001000010
000000000110
000010010001
000001010010
000000000110
000010100001
000001100010
000000000110
000010110001
000001110010
000000000110
000000001000
000010000001
000010000010
000000000110
000010010001
000010010010
000000000110
000010100001
000010100010
000000000110
000010110001
000010110010
000000000110
000000001000
000010000001
000011000010
000000000110
000010010001
000011010010
000000000110
000010100001
000011100010
000000000110
000010110001
000011110010
000000000110
000000001000
000010001001
000010000001
000100000010
000000000110
000010010001
000100010010
000000000110
000010100001
000100100010
000000000110
000010110001
000100110010
000000000110
000000001000
000010000001
000101000010
000000000110
000010010001
000101010010
000000000110
000010100001
000101100010
000000000110
000010110001
000101110010
000000000110
000000001000
000010000001
000110000010
000000000110
000010010001
000110010010
000000000110
000010100001
000110100010
000000000110
000010110001
000110110010
000000000110
000000001000
000010000001
000111000010
000000000110
000010010001
000111010010
000000000110
000010100001
000111100010
000000000110
000010110001
000111110010
000000000110
000000001000
000010011001
000010000001
001000000010
000000000110
000010010001
001000010010
000000000110
000010100001
001000100010
000000000110
000010110001
001000110010
000000000110
000000001000
000010000001
001001000010
000000000110
000010010001
001001010010
000000000110
000010100001
001001100010
000000000110
000010110001
001001110010
000000000110
000000001000
000010000001
001010000010
000000000110
000010010001
001010010010
000000000110
000010100001
001010100010
000000000110
000010110001
001010110010
000000000110
000000001000
000010000001
001011000010
000000000110
000010010001
001011010010
000000000110
000010100001
001011100010
000000000110
000010110001
001011110010
000000000110
000000001000
000010101001
000010000001
001100000010
000000000110
000010010001
001100010010
000000000110
000010100001
001100100010
000000000110
000010110001
001100110010
000000000110
000000001000
000010000001
001101000010
000000000110
000010010001
001101010010
000000000110
000010100001
001101100010
000000000110
000010110001
001101110010
000000000110
000000001000
000010000001
001110000010
000000000110
000010010001
001110010010
000000000110
000010100001
001110100010
000000000110
000010110001
001110110010
000000000110
000000001000
000010000001
001111000010
000000000110
000010010001
001111010010
000000000110
000010100001
001111100010
000000000110
000010110001
001111110010
000000000110
000000001000
000010111001
000011000001
000000000010
000000000110
000011010001
000000010010
000000000110
000011100001
000000100010
000000000110
000011110001
000000110010
000000000110
000000001000
000011000001
000001000010
000000000110
000011010001
000001010010
000000000110
000011100001
000001100010
000000000110
000011110001
000001110010
000000000110
000000001000
000011000001
000010000010
000000000110
000011010001
000010010010
000000000110
000011100001
000010100010
000000000110
000011110001
000010110010
000000000110
000000001000
000011000001
000011000010
000000000110
000011010001
000011010010
000000000110
000011100001
000011100010
000000000110
000011110001
000011110010
000000000110
000000001000
000011001001
000011000001
000100000010
000000000110
000011010001
000100010010
000000000110
000011100001
000100100010
000000000110
000011110001
000100110010
000000000110
000000001000
000011000001
000101000010
000000000110
000011010001
000101010010
000000000110
000011100001
000101100010
000000000110
000011110001
000101110010
000000000110
000000001000
000011000001
000110000010
000000000110
000011010001
000110010010
000000000110
000011100001
000110100010
000000000110
000011110001
000110110010
000000000110
000000001000
000011000001
000111000010
000000000110
000011010001
000111010010
000000000110
000011100001
000111100010
000000000110
000011110001
000111110010
000000000110
000000001000
000011011001
000011000001
001000000010
000000000110
000011010001
001000010010
000000000110
000011100001
001000100010
000000000110
000011110001
001000110010
000000000110
000000001000
000011000001
001001000010
000000000110
000011010001
001001010010
000000000110
000011100001
001001100010
000000000110
000011110001
001001110010
000000000110
000000001000
000011000001
001010000010
000000000110
000011010001
001010010010
000000000110
000011100001
001010100010
000000000110
000011110001
001010110010
000000000110
000000001000
000011000001
001011000010
000000000110
000011010001
001011010010
000000000110
000011100001
001011100010
000000000110
000011110001
001011110010
000000000110
000000001000
000011101001
000011000001
001100000010
000000000110
000011010001
001100010010
000000000110
000011100001
001100100010
000000000110
000011110001
001100110010
000000000110
000000001000
000011000001
001101000010
000000000110
000011010001
001101010010
000000000110
000011100001
001101100010
000000000110
000011110001
001101110010
000000000110
000000001000
000011000001
001110000010
000000000110
000011010001
001110010010
000000000110
000011100001
001110100010
000000000110
000011110001
001110110010
000000000110
000000001000
000011000001
001111000010
000000000110
000011010001
001111010010
000000000110
000011100001
001111100010
000000000110
000011110001
001111110010
000000000110
000000001000
000011111001
000100000001
000000000010
000000000110
000100010001
000000010010
000000000110
000100100001
000000100010
000000000110
000100110001
000000110010
000000000110
000000001000
000100000001
000001000010
000000000110
000100010001
000001010010
000000000110
000100100001
000001100010
000000000110
000100110001
000001110010
000000000110
000000001000
000100000001
000010000010
000000000110
000100010001
000010010010
000000000110
000100100001
000010100010
000000000110
000100110001
000010110010
000000000110
000000001000
000100000001
000011000010
000000000110
000100010001
000011010010
000000000110
000100100001
000011100010
000000000110
000100110001
000011110010
000000000110
000000001000
000100001001
000100000001
000100000010
000000000110
000100010001
000100010010
000000000110
000100100001
000100100010
000000000110
000100110001
000100110010
000000000110
000000001000
000100000001
000101000010
000000000110
000100010001
000101010010
000000000110
000100100001
000101100010
000000000110
000100110001
000101110010
000000000110
000000001000
000100000001
000110000010
000000000110
000100010001
000110010010
000000000110
000100100001
000110100010
000000000110
000100110001
000110110010
000000000110
000000001000
000100000001
000111000010
000000000110
000100010001
000111010010
000000000110
000100100001
000111100010
000000000110
000100110001
000111110010
000000000110
000000001000
000100011001
000100000001
001000000010
000000000110
000100010001
001000010010
000000000110
000100100001
001000100010
000000000110
000100110001
001000110010
000000000110
000000001000
000100000001
001001000010
000000000110
000100010001
001001010010
000000000110
000100100001
001001100010
000000000110
000100110001
001001110010
000000000110
000000001000
000100000001
001010000010
000000000110
000100010001
001010010010
000000000110
000100100001
001010100010
000000000110
000100110001
001010110010
000000000110
000000001000
000100000001
001011000010
000000000110
000100010001
001011010010
000000000110
000100100001
001011100010
000000000110
000100110001
001011110010
000000000110
000000001000
000100101001
000100000001
001100000010
000000000110
000100010001
001100010010
000000000110
000100100001
001100100010
000000000110
000100110001
001100110010
000000000110
000000001000
000100000001
001101000010
000000000110
000100010001
001101010010
000000000110
000100100001
001101100010
000000000110
000100110001
001101110010
000000000110
000000001000
000100000001
001110000010
000000000110
000100010001
001110010010
000000000110
000100100001
001110100010
000000000110
000100110001
001110110010
000000000110
000000001000
000100000001
001111000010
000000000110
000100010001
001111010010
000000000110
000100100001
001111100010
000000000110
000100110001
001111110010
000000000110
000000001000
000100111001
000101000001
000000000010
000000000110
000101010001
000000010010
000000000110
000101100001
000000100010
000000000110
000101110001
000000110010
000000000110
000000001000
000101000001
000001000010
000000000110
000101010001
000001010010
000000000110
000101100001
000001100010
000000000110
000101110001
000001110010
000000000110
000000001000
000101000001
000010000010
000000000110
000101010001
000010010010
000000000110
000101100001
000010100010
000000000110
000101110001
000010110010
000000000110
000000001000
000101000001
000011000010
000000000110
000101010001
000011010010
000000000110
000101100001
000011100010
000000000110
000101110001
000011110010
000000000110
000000001000
000101001001
000101000001
000100000010
000000000110
000101010001
000100010010
000000000110
000101100001
000100100010
000000000110
000101110001
000100110010
000000000110
000000001000
000101000001
000101000010
000000000110
000101010001
000101010010
000000000110
000101100001
000101100010
000000000110
000101110001
000101110010
000000000110
000000001000
000101000001
000110000010
000000000110
000101010001
000110010010
000000000110
000101100001
000110100010
000000000110
000101110001
000110110010
000000000110
000000001000
000101000001
000111000010
000000000110
000101010001
000111010010
000000000110
000101100001
000111100010
000000000110
000101110001
000111110010
000000000110
000000001000
000101011001
000101000001
001000000010
000000000110
000101010001
001000010010
000000000110
000101100001
001000100010
000000000110
000101110001
001000110010
000000000110
000000001000
000101000001
001001000010
000000000110
000101010001
001001010010
000000000110
000101100001
001001100010
000000000110
000101110001
001001110010
000000000110
000000001000
000101000001
001010000010
000000000110
000101010001
001010010010
000000000110
000101100001
001010100010
000000000110
000101110001
001010110010
000000000110
000000001000
000101000001
001011000010
000000000110
000101010001
001011010010
000000000110
000101100001
001011100010
000000000110
000101110001
001011110010
000000000110
000000001000
000101101001
000101000001
001100000010
000000000110
000101010001
001100010010
000000000110
000101100001
001100100010
000000000110
000101110001
001100110010
000000000110
000000001000
000101000001
001101000010
000000000110
000101010001
001101010010
000000000110
000101100001
001101100010
000000000110
000101110001
001101110010
000000000110
000000001000
000101000001
001110000010
000000000110
000101010001
001110010010
000000000110
000101100001
001110100010
000000000110
000101110001
001110110010
000000000110
000000001000
000101000001
001111000010
000000000110
000101010001
001111010010
000000000110
000101100001
001111100010
000000000110
000101110001
001111110010
000000000110
000000001000
000101111001
000110000001
000000000010
000000000110
000110010001
000000010010
000000000110
000110100001
000000100010
000000000110
000110110001
000000110010
000000000110
000000001000
000110000001
000001000010
000000000110
000110010001
000001010010
000000000110
000110100001
000001100010
000000000110
000110110001
000001110010
000000000110
000000001000
000110000001
000010000010
000000000110
000110010001
000010010010
000000000110
000110100001
000010100010
000000000110
000110110001
000010110010
000000000110
000000001000
000110000001
000011000010
000000000110
000110010001
000011010010
000000000110
000110100001
000011100010
000000000110
000110110001
000011110010
000000000110
000000001000
000110001001
000110000001
000100000010
000000000110
000110010001
000100010010
000000000110
000110100001
000100100010
000000000110
000110110001
000100110010
000000000110
000000001000
000110000001
000101000010
000000000110
000110010001
000101010010
000000000110
000110100001
000101100010
000000000110
000110110001
000101110010
000000000110
000000001000
000110000001
000110000010
000000000110
000110010001
000110010010
000000000110
000110100001
000110100010
000000000110
000110110001
000110110010
000000000110
000000001000
000110000001
000111000010
000000000110
000110010001
000111010010
000000000110
000110100001
000111100010
000000000110
000110110001
000111110010
000000000110
000000001000
000110011001
000110000001
001000000010
000000000110
000110010001
001000010010
000000000110
000110100001
001000100010
000000000110
000110110001
001000110010
000000000110
000000001000
000110000001
001001000010
000000000110
000110010001
001001010010
000000000110
000110100001
001001100010
000000000110
000110110001
001001110010
000000000110
000000001000
000110000001
001010000010
000000000110
000110010001
001010010010
000000000110
000110100001
001010100010
000000000110
000110110001
001010110010
000000000110
000000001000
000110000001
001011000010
000000000110
000110010001
001011010010
000000000110
000110100001
001011100010
000000000110
000110110001
001011110010
000000000110
000000001000
000110101001
000110000001
001100000010
000000000110
000110010001
001100010010
000000000110
000110100001
001100100010
000000000110
000110110001
001100110010
000000000110
000000001000
000110000001
001101000010
000000000110
000110010001
001101010010
000000000110
000110100001
001101100010
000000000110
000110110001
001101110010
000000000110
000000001000
000110000001
001110000010
000000000110
000110010001
001110010010
000000000110
000110100001
001110100010
000000000110
000110110001
001110110010
000000000110
000000001000
000110000001
001111000010
000000000110
000110010001
001111010010
000000000110
000110100001
001111100010
000000000110
000110110001
001111110010
000000000110
000000001000
000110111001
000111000001
000000000010
000000000110
000111010001
000000010010
000000000110
000111100001
000000100010
000000000110
000111110001
000000110010
000000000110
000000001000
000111000001
000001000010
000000000110
000111010001
000001010010
000000000110
000111100001
000001100010
000000000110
000111110001
000001110010
000000000110
000000001000
000111000001
000010000010
000000000110
000111010001
000010010010
000000000110
000111100001
000010100010
000000000110
000111110001
000010110010
000000000110
000000001000
000111000001
000011000010
000000000110
000111010001
000011010010
000000000110
000111100001
000011100010
000000000110
000111110001
000011110010
000000000110
000000001000
000111001001
000111000001
000100000010
000000000110
000111010001
000100010010
000000000110
000111100001
000100100010
000000000110
000111110001
000100110010
000000000110
000000001000
000111000001
000101000010
000000000110
000111010001
000101010010
000000000110
000111100001
000101100010
000000000110
000111110001
000101110010
000000000110
000000001000
000111000001
000110000010
000000000110
000111010001
000110010010
000000000110
000111100001
000110100010
000000000110
000111110001
000110110010
000000000110
000000001000
000111000001
000111000010
000000000110
000111010001
000111010010
000000000110
000111100001
000111100010
000000000110
000111110001
000111110010
000000000110
000000001000
000111011001
000111000001
001000000010
000000000110
000111010001
001000010010
000000000110
000111100001
001000100010
000000000110
000111110001
001000110010
000000000110
000000001000
000111000001
001001000010
000000000110
000111010001
001001010010
000000000110
000111100001
001001100010
000000000110
000111110001
001001110010
000000000110
000000001000
000111000001
001010000010
000000000110
000111010001
001010010010
000000000110
000111100001
001010100010
000000000110
000111110001
001010110010
000000000110
000000001000
000111000001
001011000010
000000000110
000111010001
001011010010
000000000110
000111100001
001011100010
000000000110
000111110001
001011110010
000000000110
000000001000
000111101001
000111000001
001100000010
000000000110
000111010001
001100010010
000000000110
000111100001
001100100010
000000000110
000111110001
001100110010
000000000110
000000001000
000111000001
001101000010
000000000110
000111010001
001101010010
000000000110
000111100001
001101100010
000000000110
000111110001
001101110010
000000000110
000000001000
000111000001
001110000010
000000000110
000111010001
001110010010
000000000110
000111100001
001110100010
000000000110
000111110001
001110110010
000000000110
000000001000
000111000001
001111000010
000000000110
000111010001
001111010010
000000000110
000111100001
001111100010
000000000110
000111110001
001111110010
000000000110
000000001000
000111111001
001000000001
000000000010
000000000110
001000010001
000000010010
000000000110
001000100001
000000100010
000000000110
001000110001
000000110010
000000000110
000000001000
001000000001
000001000010
000000000110
001000010001
000001010010
000000000110
001000100001
000001100010
000000000110
001000110001
000001110010
000000000110
000000001000
001000000001
000010000010
000000000110
001000010001
000010010010
000000000110
001000100001
000010100010
000000000110
001000110001
000010110010
000000000110
000000001000
001000000001
000011000010
000000000110
001000010001
000011010010
000000000110
001000100001
000011100010
000000000110
001000110001
000011110010
000000000110
000000001000
001000001001
001000000001
000100000010
000000000110
001000010001
000100010010
000000000110
001000100001
000100100010
000000000110
001000110001
000100110010
000000000110
000000001000
001000000001
000101000010
000000000110
001000010001
000101010010
000000000110
001000100001
000101100010
000000000110
001000110001
000101110010
000000000110
000000001000
001000000001
000110000010
000000000110
001000010001
000110010010
000000000110
001000100001
000110100010
000000000110
001000110001
000110110010
000000000110
000000001000
001000000001
000111000010
000000000110
001000010001
000111010010
000000000110
001000100001
000111100010
000000000110
001000110001
000111110010
000000000110
000000001000
001000011001
001000000001
001000000010
000000000110
001000010001
001000010010
000000000110
001000100001
001000100010
000000000110
001000110001
001000110010
000000000110
000000001000
001000000001
001001000010
000000000110
001000010001
001001010010
000000000110
001000100001
001001100010
000000000110
001000110001
001001110010
000000000110
000000001000
001000000001
001010000010
000000000110
001000010001
001010010010
000000000110
001000100001
001010100010
000000000110
001000110001
001010110010
000000000110
000000001000
001000000001
001011000010
000000000110
001000010001
001011010010
000000000110
001000100001
001011100010
000000000110
001000110001
001011110010
000000000110
000000001000
001000101001
001000000001
001100000010
000000000110
001000010001
001100010010
000000000110
001000100001
001100100010
000000000110
001000110001
001100110010
000000000110
000000001000
001000000001
001101000010
000000000110
001000010001
001101010010
000000000110
001000100001
001101100010
000000000110
001000110001
001101110010
000000000110
000000001000
001000000001
001110000010
000000000110
001000010001
001110010010
000000000110
001000100001
001110100010
000000000110
001000110001
001110110010
000000000110
000000001000
001000000001
001111000010
000000000110
001000010001
001111010010
000000000110
001000100001
001111100010
000000000110
001000110001
001111110010
000000000110
000000001000
001000111001
001001000001
000000000010
000000000110
001001010001
000000010010
000000000110
001001100001
000000100010
000000000110
001001110001
000000110010
000000000110
000000001000
001001000001
000001000010
000000000110
001001010001
000001010010
000000000110
001001100001
000001100010
000000000110
001001110001
000001110010
000000000110
000000001000
001001000001
000010000010
000000000110
001001010001
000010010010
000000000110
001001100001
000010100010
000000000110
001001110001
000010110010
000000000110
000000001000
001001000001
000011000010
000000000110
001001010001
000011010010
000000000110
001001100001
000011100010
000000000110
001001110001
000011110010
000000000110
000000001000
001001001001
001001000001
000100000010
000000000110
001001010001
000100010010
000000000110
001001100001
000100100010
000000000110
001001110001
000100110010
000000000110
000000001000
001001000001
000101000010
000000000110
001001010001
000101010010
000000000110
001001100001
000101100010
000000000110
001001110001
000101110010
000000000110
000000001000
001001000001
000110000010
000000000110
001001010001
000110010010
000000000110
001001100001
000110100010
000000000110
001001110001
000110110010
000000000110
000000001000
001001000001
000111000010
000000000110
001001010001
000111010010
000000000110
001001100001
000111100010
000000000110
001001110001
000111110010
000000000110
000000001000
001001011001
001001000001
001000000010
000000000110
001001010001
001000010010
000000000110
001001100001
001000100010
000000000110
001001110001
001000110010
000000000110
000000001000
001001000001
001001000010
000000000110
001001010001
001001010010
000000000110
001001100001
001001100010
000000000110
001001110001
001001110010
000000000110
000000001000
001001000001
001010000010
000000000110
001001010001
001010010010
000000000110
001001100001
001010100010
000000000110
001001110001
001010110010
000000000110
000000001000
001001000001
001011000010
000000000110
001001010001
001011010010
000000000110
001001100001
001011100010
000000000110
001001110001
001011110010
000000000110
000000001000
001001101001
001001000001
001100000010
000000000110
001001010001
001100010010
000000000110
001001100001
001100100010
000000000110
001001110001
001100110010
000000000110
000000001000
001001000001
001101000010
000000000110
001001010001
001101010010
000000000110
001001100001
001101100010
000000000110
001001110001
001101110010
000000000110
000000001000
001001000001
001110000010
000000000110
001001010001
001110010010
000000000110
001001100001
001110100010
000000000110
001001110001
001110110010
000000000110
000000001000
001001000001
001111000010
000000000110
001001010001
001111010010
000000000110
001001100001
001111100010
000000000110
001001110001
001111110010
000000000110
000000001000
001001111001
001010000001
000000000010
000000000110
001010010001
000000010010
000000000110
001010100001
000000100010
000000000110
001010110001
000000110010
000000000110
000000001000
001010000001
000001000010
000000000110
001010010001
000001010010
000000000110
001010100001
000001100010
000000000110
001010110001
000001110010
000000000110
000000001000
001010000001
000010000010
000000000110
001010010001
000010010010
000000000110
001010100001
000010100010
000000000110
001010110001
000010110010
000000000110
000000001000
001010000001
000011000010
000000000110
001010010001
000011010010
000000000110
001010100001
000011100010
000000000110
001010110001
000011110010
000000000110
000000001000
001010001001
001010000001
000100000010
000000000110
001010010001
000100010010
000000000110
001010100001
000100100010
000000000110
001010110001
000100110010
000000000110
000000001000
001010000001
000101000010
000000000110
001010010001
000101010010
000000000110
001010100001
000101100010
000000000110
001010110001
000101110010
000000000110
000000001000
001010000001
000110000010
000000000110
001010010001
000110010010
000000000110
001010100001
000110100010
000000000110
001010110001
000110110010
000000000110
000000001000
001010000001
000111000010
000000000110
001010010001
000111010010
000000000110
001010100001
000111100010
000000000110
001010110001
000111110010
000000000110
000000001000
001010011001
001010000001
001000000010
000000000110
001010010001
001000010010
000000000110
001010100001
001000100010
000000000110
001010110001
001000110010
000000000110
000000001000
001010000001
001001000010
000000000110
001010010001
001001010010
000000000110
001010100001
001001100010
000000000110
001010110001
001001110010
000000000110
000000001000
001010000001
001010000010
000000000110
001010010001
001010010010
000000000110
001010100001
001010100010
000000000110
001010110001
001010110010
000000000110
000000001000
001010000001
001011000010
000000000110
001010010001
001011010010
000000000110
001010100001
001011100010
000000000110
001010110001
001011110010
000000000110
000000001000
001010101001
001010000001
001100000010
000000000110
001010010001
001100010010
000000000110
001010100001
001100100010
000000000110
001010110001
001100110010
000000000110
000000001000
001010000001
001101000010
000000000110
001010010001
001101010010
000000000110
001010100001
001101100010
000000000110
001010110001
001101110010
000000000110
000000001000
001010000001
001110000010
000000000110
001010010001
001110010010
000000000110
001010100001
001110100010
000000000110
001010110001
001110110010
000000000110
000000001000
001010000001
001111000010
000000000110
001010010001
001111010010
000000000110
001010100001
001111100010
000000000110
001010110001
001111110010
000000000110
000000001000
001010111001
001011000001
000000000010
000000000110
001011010001
000000010010
000000000110
001011100001
000000100010
000000000110
001011110001
000000110010
000000000110
000000001000
001011000001
000001000010
000000000110
001011010001
000001010010
000000000110
001011100001
000001100010
000000000110
001011110001
000001110010
000000000110
000000001000
001011000001
000010000010
000000000110
001011010001
000010010010
000000000110
001011100001
000010100010
000000000110
001011110001
000010110010
000000000110
000000001000
001011000001
000011000010
000000000110
001011010001
000011010010
000000000110
001011100001
000011100010
000000000110
001011110001
000011110010
000000000110
000000001000
001011001001
001011000001
000100000010
000000000110
001011010001
000100010010
000000000110
001011100001
000100100010
000000000110
001011110001
000100110010
000000000110
000000001000
001011000001
000101000010
000000000110
001011010001
000101010010
000000000110
001011100001
000101100010
000000000110
001011110001
000101110010
000000000110
000000001000
001011000001
000110000010
000000000110
001011010001
000110010010
000000000110
001011100001
000110100010
000000000110
001011110001
000110110010
000000000110
000000001000
001011000001
000111000010
000000000110
001011010001
000111010010
000000000110
001011100001
000111100010
000000000110
001011110001
000111110010
000000000110
000000001000
001011011001
001011000001
001000000010
000000000110
001011010001
001000010010
000000000110
001011100001
001000100010
000000000110
001011110001
001000110010
000000000110
000000001000
001011000001
001001000010
000000000110
001011010001
001001010010
000000000110
001011100001
001001100010
000000000110
001011110001
001001110010
000000000110
000000001000
001011000001
001010000010
000000000110
001011010001
001010010010
000000000110
001011100001
001010100010
000000000110
001011110001
001010110010
000000000110
000000001000
001011000001
001011000010
000000000110
001011010001
001011010010
000000000110
001011100001
001011100010
000000000110
001011110001
001011110010
000000000110
000000001000
001011101001
001011000001
001100000010
000000000110
001011010001
001100010010
000000000110
001011100001
001100100010
000000000110
001011110001
001100110010
000000000110
000000001000
001011000001
001101000010
000000000110
001011010001
001101010010
000000000110
001011100001
001101100010
000000000110
001011110001
001101110010
000000000110
000000001000
001011000001
001110000010
000000000110
001011010001
001110010010
000000000110
001011100001
001110100010
000000000110
001011110001
001110110010
000000000110
000000001000
001011000001
001111000010
000000000110
001011010001
001111010010
000000000110
001011100001
001111100010
000000000110
001011110001
001111110010
000000000110
000000001000
001011111001
001100000001
000000000010
000000000110
001100010001
000000010010
000000000110
001100100001
000000100010
000000000110
001100110001
000000110010
000000000110
000000001000
001100000001
000001000010
000000000110
001100010001
000001010010
000000000110
001100100001
000001100010
000000000110
001100110001
000001110010
000000000110
000000001000
001100000001
000010000010
000000000110
001100010001
000010010010
000000000110
001100100001
000010100010
000000000110
001100110001
000010110010
000000000110
000000001000
001100000001
000011000010
000000000110
001100010001
000011010010
000000000110
001100100001
000011100010
000000000110
001100110001
000011110010
000000000110
000000001000
001100001001
001100000001
000100000010
000000000110
001100010001
000100010010
000000000110
001100100001
000100100010
000000000110
001100110001
000100110010
000000000110
000000001000
001100000001
000101000010
000000000110
001100010001
000101010010
000000000110
001100100001
000101100010
000000000110
001100110001
000101110010
000000000110
000000001000
001100000001
000110000010
000000000110
001100010001
000110010010
000000000110
001100100001
000110100010
000000000110
001100110001
000110110010
000000000110
000000001000
001100000001
000111000010
000000000110
001100010001
000111010010
000000000110
001100100001
000111100010
000000000110
001100110001
000111110010
000000000110
000000001000
001100011001
001100000001
001000000010
000000000110
001100010001
001000010010
000000000110
001100100001
001000100010
000000000110
001100110001
001000110010
000000000110
000000001000
001100000001
001001000010
000000000110
001100010001
001001010010
000000000110
001100100001
001001100010
000000000110
001100110001
001001110010
000000000110
000000001000
001100000001
001010000010
000000000110
001100010001
001010010010
000000000110
001100100001
001010100010
000000000110
001100110001
001010110010
000000000110
000000001000
001100000001
001011000010
000000000110
001100010001
001011010010
000000000110
001100100001
001011100010
000000000110
001100110001
001011110010
000000000110
000000001000
001100101001
001100000001
001100000010
000000000110
001100010001
001100010010
000000000110
001100100001
001100100010
000000000110
001100110001
001100110010
000000000110
000000001000
001100000001
001101000010
000000000110
001100010001
001101010010
000000000110
001100100001
001101100010
000000000110
001100110001
001101110010
000000000110
000000001000
001100000001
001110000010
000000000110
001100010001
001110010010
000000000110
001100100001
001110100010
000000000110
001100110001
001110110010
000000000110
000000001000
001100000001
001111000010
000000000110
001100010001
001111010010
000000000110
001100100001
001111100010
000000000110
001100110001
001111110010
000000000110
000000001000
001100111001
001101000001
000000000010
000000000110
001101010001
000000010010
000000000110
001101100001
000000100010
000000000110
001101110001
000000110010
000000000110
000000001000
001101000001
000001000010
000000000110
001101010001
000001010010
000000000110
001101100001
000001100010
000000000110
001101110001
000001110010
000000000110
000000001000
001101000001
000010000010
000000000110
001101010001
000010010010
000000000110
001101100001
000010100010
000000000110
001101110001
000010110010
000000000110
000000001000
001101000001
000011000010
000000000110
001101010001
000011010010
000000000110
001101100001
000011100010
000000000110
001101110001
000011110010
000000000110
000000001000
001101001001
001101000001
000100000010
000000000110
001101010001
000100010010
000000000110
001101100001
000100100010
000000000110
001101110001
000100110010
000000000110
000000001000
001101000001
000101000010
000000000110
001101010001
000101010010
000000000110
001101100001
000101100010
000000000110
001101110001
000101110010
000000000110
000000001000
001101000001
000110000010
000000000110
001101010001
000110010010
000000000110
001101100001
000110100010
000000000110
001101110001
000110110010
000000000110
000000001000
001101000001
000111000010
000000000110
001101010001
000111010010
000000000110
001101100001
000111100010
000000000110
001101110001
000111110010
000000000110
000000001000
001101011001
001101000001
001000000010
000000000110
001101010001
001000010010
000000000110
001101100001
001000100010
000000000110
001101110001
001000110010
000000000110
000000001000
001101000001
001001000010
000000000110
001101010001
001001010010
000000000110
001101100001
001001100010
000000000110
001101110001
001001110010
000000000110
000000001000
001101000001
001010000010
000000000110
001101010001
001010010010
000000000110
001101100001
001010100010
000000000110
001101110001
001010110010
000000000110
000000001000
001101000001
001011000010
000000000110
001101010001
001011010010
000000000110
001101100001
001011100010
000000000110
001101110001
001011110010
000000000110
000000001000
001101101001
001101000001
001100000010
000000000110
001101010001
001100010010
000000000110
001101100001
001100100010
000000000110
001101110001
001100110010
000000000110
000000001000
001101000001
001101000010
000000000110
001101010001
001101010010
000000000110
001101100001
001101100010
000000000110
001101110001
001101110010
000000000110
000000001000
001101000001
001110000010
000000000110
001101010001
001110010010
000000000110
001101100001
001110100010
000000000110
001101110001
001110110010
000000000110
000000001000
001101000001
001111000010
000000000110
001101010001
001111010010
000000000110
001101100001
001111100010
000000000110
001101110001
001111110010
000000000110
000000001000
001101111001
001110000001
000000000010
000000000110
001110010001
000000010010
000000000110
001110100001
000000100010
000000000110
001110110001
000000110010
000000000110
000000001000
001110000001
000001000010
000000000110
001110010001
000001010010
000000000110
001110100001
000001100010
000000000110
001110110001
000001110010
000000000110
000000001000
001110000001
000010000010
000000000110
001110010001
000010010010
000000000110
001110100001
000010100010
000000000110
001110110001
000010110010
000000000110
000000001000
001110000001
000011000010
000000000110
001110010001
000011010010
000000000110
001110100001
000011100010
000000000110
001110110001
000011110010
000000000110
000000001000
001110001001
001110000001
000100000010
000000000110
001110010001
000100010010
000000000110
001110100001
000100100010
000000000110
001110110001
000100110010
000000000110
000000001000
001110000001
000101000010
000000000110
001110010001
000101010010
000000000110
001110100001
000101100010
000000000110
001110110001
000101110010
000000000110
000000001000
001110000001
000110000010
000000000110
001110010001
000110010010
000000000110
001110100001
000110100010
000000000110
001110110001
000110110010
000000000110
000000001000
001110000001
000111000010
000000000110
001110010001
000111010010
000000000110
001110100001
000111100010
000000000110
001110110001
000111110010
000000000110
000000001000
001110011001
001110000001
001000000010
000000000110
001110010001
001000010010
000000000110
001110100001
001000100010
000000000110
001110110001
001000110010
000000000110
000000001000
001110000001
001001000010
000000000110
001110010001
001001010010
000000000110
001110100001
001001100010
000000000110
001110110001
001001110010
000000000110
000000001000
001110000001
001010000010
000000000110
001110010001
001010010010
000000000110
001110100001
001010100010
000000000110
001110110001
001010110010
000000000110
000000001000
001110000001
001011000010
000000000110
001110010001
001011010010
000000000110
001110100001
001011100010
000000000110
001110110001
001011110010
000000000110
000000001000
001110101001
001110000001
001100000010
000000000110
001110010001
001100010010
000000000110
001110100001
001100100010
000000000110
001110110001
001100110010
000000000110
000000001000
001110000001
001101000010
000000000110
001110010001
001101010010
000000000110
001110100001
001101100010
000000000110
001110110001
001101110010
000000000110
000000001000
001110000001
001110000010
000000000110
001110010001
001110010010
000000000110
001110100001
001110100010
000000000110
001110110001
001110110010
000000000110
000000001000
001110000001
001111000010
000000000110
001110010001
001111010010
000000000110
001110100001
001111100010
000000000110
001110110001
001111110010
000000000110
000000001000
001110111001
001111000001
000000000010
000000000110
001111010001
000000010010
000000000110
001111100001
000000100010
000000000110
001111110001
000000110010
000000000110
000000001000
001111000001
000001000010
000000000110
001111010001
000001010010
000000000110
001111100001
000001100010
000000000110
001111110001
000001110010
000000000110
000000001000
001111000001
000010000010
000000000110
001111010001
000010010010
000000000110
001111100001
000010100010
000000000110
001111110001
000010110010
000000000110
000000001000
001111000001
000011000010
000000000110
001111010001
000011010010
000000000110
001111100001
000011100010
000000000110
001111110001
000011110010
000000000110
000000001000
001111001001
001111000001
000100000010
000000000110
001111010001
000100010010
000000000110
001111100001
000100100010
000000000110
001111110001
000100110010
000000000110
000000001000
001111000001
000101000010
000000000110
001111010001
000101010010
000000000110
001111100001
000101100010
000000000110
001111110001
000101110010
000000000110
000000001000
001111000001
000110000010
000000000110
001111010001
000110010010
000000000110
001111100001
000110100010
000000000110
001111110001
000110110010
000000000110
000000001000
001111000001
000111000010
000000000110
001111010001
000111010010
000000000110
001111100001
000111100010
000000000110
001111110001
000111110010
000000000110
000000001000
001111011001
001111000001
001000000010
000000000110
001111010001
001000010010
000000000110
001111100001
001000100010
000000000110
001111110001
001000110010
000000000110
000000001000
001111000001
001001000010
000000000110
001111010001
001001010010
000000000110
001111100001
001001100010
000000000110
001111110001
001001110010
000000000110
000000001000
001111000001
001010000010
000000000110
001111010001
001010010010
000000000110
001111100001
001010100010
000000000110
001111110001
001010110010
000000000110
000000001000
001111000001
001011000010
000000000110
001111010001
001011010010
000000000110
001111100001
001011100010
000000000110
001111110001
001011110010
000000000110
000000001000
001111101001
001111000001
001100000010
000000000110
001111010001
001100010010
000000000110
001111100001
001100100010
000000000110
001111110001
001100110010
000000000110
000000001000
001111000001
001101000010
000000000110
001111010001
001101010010
000000000110
001111100001
001101100010
000000000110
001111110001
001101110010
000000000110
000000001000
001111000001
001110000010
000000000110
001111010001
001110010010
000000000110
001111100001
001110100010
000000000110
001111110001
001110110010
000000000110
000000001000
001111000001
001111000010
000000000110
001111010001
001111010010
000000000110
001111100001
001111100010
000000000110
001111110001
001111110010
000000000110
000000001000
001111111001
000000001010